%YAML:1.0
T_base_cam: !!opencv-matrix
    rows: 3
    cols: 3
    dt: f
    data: [ 0.018731, -0.999825, 262.981593, 
        0.999825, 0.018731, -27.507416, 
        0.000000, 0.000000, 1.000000
        ]
vec_id: !!opencv-matrix
    rows: 25
    cols: 1
    dt: i
    data: [ 0, 
        1, 
        2, 
        3, 
        4, 
        5, 
        6, 
        7, 
        8, 
        9, 
        10, 
        11, 
        12, 
        13, 
        14, 
        15, 
        16, 
        17, 
        18, 
        19, 
        20, 
        21, 
        22, 
        23, 
        341
        ]
map_matrix: !!opencv-matrix
    rows: 25
    cols: 3
    dt: f
    data: [ 0.000000, 0.000000, -3.128826, 
        -4.801695, 3000.465394, 3.094850, 
        4.668112, 6011.527846, 3.143622, 
        0.000000, 12000.000000, 3.125014, 
        1773.693225, 18573.121035, 3.132691, 
        1755.039153, 24568.907603, 3.095999, 
        1716.765496, 30553.433076, 3.132714, 
        1700.684911, 36548.902263, 3.121310, 
        1688.596356, 42871.330605, -3.135776, 
        1650.035119, 48543.956524, -3.146846, 
        1616.895127, 54560.010835, -3.138208, 
        1600.936575, 60547.240501, -3.128665, 
        1572.628190, 65427.930901, -3.143987, 
        -5501.691877, 71238.377073, -3.167531, 
        -11504.851510, 71301.322077, -3.165121, 
        -16460.142067, 72612.569517, -3.132329, 
        -16495.286079, 78597.711721, -3.128125, 
        -16559.691177, 84594.645677, -3.133498, 
        -16643.739292, 90606.968285, -3.133814, 
        -16691.329314, 96592.287544, -3.159934, 
        -16740.454466, 99592.722730, -3.146624, 
        -16769.161947, 102595.371240, -3.153560, 
        -9258.409561, 67321.915243, -3.131863, 
        -3271.039990, 67287.056839, -0.013551, 
        -16767.356775, 102586.900005, -3.166580
        ]
